0,0,0,1,0,0,0,1,0,0,0,1,1.39484e-06,2.11003e-06,0.999926,3.73496,1.40706,2.82169,0,
1.10088e-06,-2.91828e-06,0.0012499,0.999992,-0.0035204,0.00175871,0.00352859,0.999983,-0.00467634,-0.00174222,0.00468251,0.999988,1.40673e-06,2.09199e-06,0.999926,3.75214,1.39368,2.81756,0.00125,
4.39985e-06,-1.1691e-05,0.00249977,0.999969,-0.00702732,0.00351717,0.00706001,0.999931,-0.00936781,-0.0034511,0.00939235,0.99995,1.41852e-06,2.07385e-06,0.999926,3.76916,1.3802,2.81346,0.0025,
9.89654e-06,-2.63371e-05,0.00374958,0.999931,-0.0105207,0.00527531,0.010594,0.999845,-0.0140742,-0.00512643,0.0141291,0.999887,1.4302e-06,2.05561e-06,0.999926,3.78603,1.36663,2.80938,0.00375,
1.75905e-05,-4.68748e-05,0.0049993,0.999877,-0.0140003,0.00703307,0.0141304,0.999723,-0.0187951,-0.00676799,0.0188922,0.999799,1.44178e-06,2.03726e-06,0.999926,3.80276,1.35296,2.80531,0.005,
2.74813e-05,-7.33223e-05,0.00624888,0.999809,-0.0174662,0.00879038,0.0176688,0.999567,-0.0235305,-0.00837558,0.0236814,0.999684,1.45324e-06,2.01881e-06,0.999926,3.81932,1.33919,2.80127,0.00625,
3.95682e-05,-0.000105698,0.00749831,0.999726,-0.0209182,0.0105472,0.0212092,0.999375,-0.0282801,-0.00994901,0.028496,0.999544,1.4646e-06,2.00025e-06,0.999926,3.83574,1.32533,2.79724,0.0075,
5.38506e-05,-0.000144018,0.00874755,0.999628,-0.0243562,0.0123034,0.0247512,0.999147,-0.0330435,-0.0114881,0.0333358,0.999378,1.47585e-06,1.9816e-06,0.999926,3.852,1.31138,2.79324,0.00875,
7.03276e-05,-0.000188301,0.00999656,0.999515,-0.0277802,0.0140589,0.0282946,0.998884,-0.0378206,-0.0129926,0.0382001,0.999186,1.48699e-06,1.96285e-06,0.999926,3.8681,1.29733,2.78926,0.01,
8.89985e-05,-0.000238563,0.0112453,0.999388,-0.03119,0.0158137,0.0318391,0.998584,-0.0426111,-0.0144623,0.0430886,0.998967,1.49802e-06,1.94399e-06,0.999926,3.88405,1.28318,2.78529,0.01125,
0.000109862,-0.000294821,0.0124938,0.999247,-0.0345856,0.0175677,0.0353846,0.998248,-0.0474148,-0.0158971,0.0480007,0.998721,1.50894e-06,1.92504e-06,0.999926,3.89984,1.26895,2.78135,0.0125,
0.000132918,-0.000357092,0.0137419,0.999092,-0.0379668,0.0193209,0.0389307,0.997876,-0.0522313,-0.0172968,0.0529361,0.998448,1.51974e-06,1.90599e-06,0.999926,3.91548,1.25462,2.77743,0.01375,
0.000158164,-0.00042539,0.0149897,0.998923,-0.0413337,0.0210731,0.0424772,0.997467,-0.0570605,-0.0186612,0.0578942,0.998148,1.53043e-06,1.88685e-06,0.999926,3.93095,1.24021,2.77354,0.015,
0.0001856,-0.000499733,0.0162371,0.99874,-0.0446861,0.0228243,0.0460238,0.997021,-0.061902,-0.0199901,0.0628745,0.997821,1.54101e-06,1.86761e-06,0.999926,3.94627,1.22571,2.76966,0.01625,
0.000215224,-0.000580134,0.0174841,0.998544,-0.0480239,0.0245743,0.0495703,0.996537,-0.0667557,-0.0212834,0.0678766,0.997467,1.55148e-06,1.84827e-06,0.999926,3.96142,1.21112,2.76581,0.0175,
0.000247034,-0.00066661,0.0187306,0.998334,-0.0513471,0.0263232,0.0531164,0.996017,-0.0716211,-0.0225408,0.0729,0.997085,1.56183e-06,1.82884e-06,0.999926,3.97642,1.19644,2.76198,0.01875,
0.00028103,-0.000759174,0.0199766,0.998111,-0.0546556,0.0280709,0.0566618,0.995458,-0.0764981,-0.0237623,0.0779441,0.996675,1.57207e-06,1.80931e-06,0.999926,3.99125,1.18168,2.75817,0.02,
0.000317209,-0.000857841,0.0212221,0.997874,-0.0579494,0.0298172,0.0602064,0.994863,-0.0813864,-0.0249477,0.0830086,0.996237,1.58218e-06,1.7897e-06,0.999926,4.00592,1.16683,2.75438,0.02125,
0.000355571,-0.000962625,0.022467,0.997625,-0.0612283,0.0315621,0.0637497,0.994229,-0.0862858,-0.0260968,0.0880929,0.99577,1.59219e-06,1.76999e-06,0.999926,4.02043,1.1519,2.75062,0.0225,
0.000396112,-0.00107354,0.0237113,0.997362,-0.0644924,0.0333055,0.0672916,0.993557,-0.0911958,-0.0272094,0.0931965,0.995276,1.60207e-06,1.75019e-06,0.999926,4.03477,1.13689,2.74688,0.02375,
0.000438831,-0.0011906,0.024955,0.997087,-0.0677414,0.0350473,0.0708318,0.992847,-0.0961164,-0.0282855,0.0983188,0.994753,1.61184e-06,1.7303e-06,0.999926,4.04895,1.12179,2.74316,0.025,
0.000483727,-0.00131381,0.026198,0.996799,-0.0709755,0.0367874,0.0743699,0.992098,-0.101047,-0.0293249,0.10346,0.994201,1.62149e-06,1.71033e-06,0.999926,4.06297,1.10662,2.73947,0.02625,
0.000530796,-0.0014432,0.0274403,0.996499,-0.0741945,0.0385259,0.0779058,0.991311,-0.105988,-0.0303274,0.108618,0.993621,1.63102e-06,1.69026e-06,0.999926,4.07681,1.09136,2.7358,0.0275,
0.000580037,-0.00157876,0.0286818,0.996187,-0.0773984,0.0402625,0.0814391,0.990485,-0.110938,-0.031293,0.113794,0.993011,1.64043e-06,1.67011e-06,0.999926,4.0905,1.07603,2.73216,0.02875,
0.000631448,-0.00172052,0.0299226,0.995862,-0.0805871,0.0419971,0.0849695,0.98962,-0.115897,-0.0322214,0.118986,0.992373,1.64972e-06,1.64988e-06,0.999926,4.10401,1.06062,2.72854,0.03,
0.000685025,-0.00186848,0.0311626,0.995526,-0.0837606,0.0437298,0.0884968,0.988716,-0.120866,-0.0331126,0.124195,0.991705,1.65889e-06,1.62956e-06,0.999926,4.11736,1.04513,2.72494,0.03125,
0.000740767,-0.00202266,0.0324017,0.995178,-0.0869188,0.0454604,0.0920207,0.987773,-0.125843,-0.0339664,0.12942,0.991008,1.66793e-06,1.60915e-06,0.999926,4.13054,1.02957,2.72137,0.0325,
0.000798671,-0.00218307,0.0336399,0.994818,-0.0900618,0.0471889,0.0955409,0.986791,-0.130829,-0.0347828,0.13466,0.990281,1.67686e-06,1.58866e-06,0.999926,4.14354,1.01393,2.71782,0.03375,
0.000858733,-0.00234971,0.0348772,0.994446,-0.0931893,0.048915,0.0990571,0.985769,-0.135823,-0.0355616,0.139914,0.989525,1.68566e-06,1.56809e-06,0.999926,4.15638,0.99822,2.7143,0.035,
0.000920952,-0.0025226,0.0361135,0.994063,-0.0963015,0.0506389,0.102569,0.984707,-0.140825,-0.0363028,0.145183,0.988739,1.69434e-06,1.54744e-06,0.999926,4.16905,0.982438,2.71081,0.03625,
0.000985324,-0.00270174,0.0373488,0.993669,-0.0993983,0.0523602,0.106076,0.983606,-0.145834,-0.0370061,0.150465,0.987922,1.70289e-06,1.52671e-06,0.999926,4.18155,0.966584,2.70734,0.0375,
0.00105185,-0.00288716,0.0385831,0.993264,-0.10248,0.0540791,0.109579,0.982465,-0.150851,-0.0376716,0.155761,0.987076,1.71132e-06,1.50591e-06,0.999926,4.19387,0.950661,2.70389,0.03875,
0.00112051,-0.00307884,0.0398163,0.992848,-0.105546,0.0557953,0.113076,0.981283,-0.155875,-0.0382991,0.161069,0.9862,1.71962e-06,1.48502e-06,0.999926,4.20603,0.934668,2.70048,0.04,
0.00119133,-0.00327681,0.0410484,0.992421,-0.108596,0.0575088,0.116568,0.980062,-0.160905,-0.0388886,0.166389,0.985293,1.7278e-06,1.46406e-06,0.999926,4.21801,0.918608,2.69708,0.04125,
0.00126428,-0.00348107,0.0422794,0.991984,-0.111631,0.0592195,0.120054,0.978801,-0.165942,-0.0394399,0.171721,0.984356,1.73586e-06,1.44302e-06,0.999926,4.22981,0.902481,2.69372,0.0425,
0.00133937,-0.00369163,0.0435091,0.991536,-0.11465,0.0609274,0.123533,0.977499,-0.170984,-0.0399531,0.177064,0.983388,1.74378e-06,1.42191e-06,0.999926,4.24144,0.886288,2.69038,0.04375,
0.00141659,-0.0039085,0.0447376,0.991078,-0.117654,0.0626322,0.127007,0.976157,-0.176033,-0.0404279,0.182417,0.98239,1.75158e-06,1.40072e-06,0.999926,4.2529,0.87003,2.68707,0.045,
0.00149594,-0.00413168,0.0459649,0.990609,-0.120642,0.0643339,0.130474,0.974774,-0.181087,-0.0408644,0.18778,0.981361,1.75925e-06,1.37947e-06,0.999926,4.26418,0.853708,2.68378,0.04625,
0.00157741,-0.00436118,0.0471909,0.990131,-0.123614,0.0660325,0.133933,0.973351,-0.186146,-0.0412625,0.193153,0.980301,1.76679e-06,1.35814e-06,0.999926,4.27529,0.837325,2.68052,0.0475,
0.00166101,-0.00459701,0.0484155,0.989643,-0.126571,0.0677277,0.137386,0.971887,-0.19121,-0.0416221,0.198534,0.97921,1.77421e-06,1.33674e-06,0.999926,4.28622,0.820879,2.67729,0.04875,
0.00174672,-0.00483917,0.0496387,0.989145,-0.129512,0.0694197,0.140831,0.970382,-0.196278,-0.0419432,0.203924,0.978088,1.78149e-06,1.31528e-06,0.999926,4.29697,0.804374,2.67409,0.05,
0.00183455,-0.00508767,0.0508605,0.988637,-0.132438,0.0711081,0.144268,0.968837,-0.201351,-0.0422257,0.209321,0.976935,1.78865e-06,1.29374e-06,0.999926,4.30755,0.787809,2.67091,0.05125,
0.00192448,-0.00534251,0.0520808,0.98812,-0.135348,0.072793,0.147697,0.967251,-0.206427,-0.0424695,0.214726,0.975751,1.79567e-06,1.27214e-06,0.999926,4.31794,0.771186,2.66777,0.0525,
0.00201652,-0.00560369,0.0532997,0.987594,-0.138242,0.0744742,0.151117,0.965623,-0.211507,-0.0426748,0.220137,0.974535,1.80257e-06,1.25048e-06,0.999926,4.32816,0.754506,2.66465,0.05375,
0.00211066,-0.00587123,0.054517,0.987059,-0.141121,0.0761516,0.154528,0.963955,-0.21659,-0.0428413,0.225555,0.973288,1.80933e-06,1.22875e-06,0.999926,4.3382,0.73777,2.66155,0.055,
0.00220689,-0.00614513,0.0557327,0.986515,-0.143984,0.0778252,0.15793,0.962246,-0.221676,-0.0429691,0.230978,0.97201,1.81596e-06,1.20695e-06,0.999926,4.34806,0.72098,2.65849,0.05625,
0.00230521,-0.00642538,0.0569468,0.985962,-0.146832,0.0794949,0.161323,0.960496,-0.226765,-0.0430582,0.236406,0.9707,1.82246e-06,1.1851e-06,0.999926,4.35774,0.704135,2.65546,0.0575,
0.00240561,-0.006712,0.0581593,0.9854,-0.149664,0.0811605,0.164706,0.958705,-0.231856,-0.0431084,0.241839,0.969358,1.82883e-06,1.16318e-06,0.999926,4.36724,0.687239,2.65245,0.05875,
0.0025081,-0.00700498,0.05937,0.98483,-0.15248,0.0828219,0.168078,0.956872,-0.236949,-0.0431199,0.247275,0.967985,1.83506e-06,1.14121e-06,0.999926,4.37656,0.67029,2.64947,0.06,
0.00261265,-0.00730432,0.060579,0.984252,-0.155281,0.0844791,0.171441,0.954999,-0.242044,-0.0430926,0.252715,0.966581,1.84116e-06,1.11918e-06,0.999926,4.38569,0.653292,2.64653,0.06125,
0.00271928,-0.00761004,0.0617863,0.983665,-0.158066,0.0861319,0.174792,0.953084,-0.24714,-0.0430265,0.258158,0.965144,1.84713e-06,1.09709e-06,0.999926,4.39465,0.636244,2.64361,0.0625,
0.00282797,-0.00792212,0.0629917,0.98307,-0.160836,0.0877803,0.178132,0.951128,-0.252237,-0.0429216,0.263603,0.963676,1.85296e-06,1.07494e-06,0.999926,4.40342,0.619148,2.64072,0.06375,
0.00293872,-0.00824058,0.0641953,0.982467,-0.16359,0.0894241,0.181462,0.949131,-0.257335,-0.0427779,0.26905,0.962176,1.85866e-06,1.05274e-06,0.999926,4.41201,0.602006,2.63786,0.065,
0.00305152,-0.00856541,0.0653969,0.981857,-0.166328,0.0910633,0.184779,0.947093,-0.262433,-0.0425954,0.274498,0.960644,1.86422e-06,1.03049e-06,0.999926,4.42041,0.584817,2.63503,0.06625,
0.00316636,-0.00889661,0.0665967,0.981238,-0.169051,0.0926977,0.188084,0.945014,-0.267531,-0.0423742,0.279947,0.95908,1.86965e-06,1.00819e-06,0.999926,4.42864,0.567584,2.63223,0.0675,
0.00328325,-0.00923418,0.0677945,0.980613,-0.171759,0.0943273,0.191377,0.942894,-0.272629,-0.0421141,0.285395,0.957484,1.87494e-06,9.85833e-07,0.999926,4.43668,0.550307,2.62946,0.06875,
0.00340216,-0.00957813,0.0689902,0.97998,-0.174451,0.0959519,0.194657,0.940732,-0.277726,-0.0418154,0.290843,0.955856,1.8801e-06,9.63429e-07,0.999926,4.44453,0.532988,2.62672,0.07,
0.00352311,-0.00992844,0.0701839,0.979339,-0.177128,0.0975714,0.197925,0.938529,-0.282822,-0.0414779,0.29629,0.954197,1.88512e-06,9.40976e-07,0.999926,4.4522,0.515628,2.62401,0.07125,
0.00364608,-0.0102851,0.0713755,0.978692,-0.17979,0.0991858,0.201179,0.936286,-0.287917,-0.0411017,0.301736,0.952505,1.89001e-06,9.18477e-07,0.999926,4.45968,0.498228,2.62133,0.0725,
0.00377106,-0.0106482,0.072565,0.978038,-0.182436,0.100795,0.204419,0.934001,-0.29301,-0.0406869,0.307179,0.950781,1.89475e-06,8.95932e-07,0.999926,4.46698,0.480789,2.61868,0.07375,
0.00389805,-0.0110176,0.0737523,0.977376,-0.185067,0.102399,0.207645,0.931675,-0.298101,-0.0402335,0.31262,0.949026,1.89936e-06,8.73343e-07,0.999926,4.4741,0.463312,2.61607,0.075,
0.00402704,-0.0113934,0.0749374,0.976709,-0.187683,0.103997,0.210857,0.929309,-0.303191,-0.0397416,0.318057,0.947238,1.90384e-06,8.50711e-07,0.999926,4.48102,0.445798,2.61348,0.07625,
0.00415802,-0.0117755,0.0761202,0.976034,-0.190284,0.10559,0.214055,0.926901,-0.308277,-0.0392112,0.323491,0.945418,1.90817e-06,8.28038e-07,0.999926,4.48776,0.428249,2.61092,0.0775,
0.00429099,-0.012164,0.0773007,0.975354,-0.192869,0.107177,0.217238,0.924453,-0.313361,-0.0386423,0.32892,0.943567,1.91237e-06,8.05324e-07,0.999926,4.49432,0.410666,2.6084,0.07875,
0.00442595,-0.0125589,0.0784789,0.974667,-0.19544,0.108758,0.220405,0.921964,-0.318441,-0.038035,0.334344,0.941683,1.91643e-06,7.82571e-07,0.999926,4.50068,0.393049,2.60591,0.08,
0.00456287,-0.01296,0.0796547,0.973974,-0.197995,0.110334,0.223557,0.919434,-0.323518,-0.0373894,0.339763,0.939767,1.92035e-06,7.5978e-07,0.999926,4.50686,0.375401,2.60345,0.08125,
0.00470176,-0.0133676,0.0808281,0.973274,-0.200536,0.111903,0.226693,0.916864,-0.32859,-0.0367056,0.345176,0.93782,1.92413e-06,7.36953e-07,0.999926,4.51286,0.357721,2.60102,0.0825,
0.00484261,-0.0137815,0.0819991,0.972569,-0.203061,0.113466,0.229812,0.914253,-0.333659,-0.0359836,0.350582,0.93584,1.92777e-06,7.14091e-07,0.999926,4.51866,0.340012,2.59862,0.08375,
0.00498541,-0.0142017,0.0831676,0.971859,-0.205572,0.115024,0.232916,0.911601,-0.338723,-0.0352236,0.355982,0.933829,1.93127e-06,6.91195e-07,0.999926,4.52428,0.322275,2.59625,0.085,
0.00513015,-0.0146282,0.0843335,0.971143,-0.208068,0.116574,0.236002,0.90891,-0.343782,-0.0344255,0.361373,0.931786,1.93464e-06,6.68267e-07,0.999926,4.5297,0.30451,2.59392,0.08625,
0.00527682,-0.015061,0.0854968,0.970421,-0.21055,0.118119,0.239071,0.906178,-0.348836,-0.0335895,0.366756,0.92971,1.93786e-06,6.45308e-07,0.999926,4.53494,0.286719,2.59161,0.0875,
0.00542543,-0.0155002,0.0866576,0.969694,-0.213017,0.119657,0.242123,0.903406,-0.353884,-0.0327157,0.372131,0.927603,1.94095e-06,6.22319e-07,0.999926,4.53999,0.268902,2.58934,0.08875,
0.00557595,-0.0159457,0.0878157,0.968962,-0.215469,0.121189,0.245157,0.900594,-0.358927,-0.0318042,0.377496,0.925465,1.94389e-06,5.99302e-07,0.999926,4.54485,0.251062,2.58711,0.09,
0.00572838,-0.0163975,0.0889711,0.968224,-0.217907,0.122713,0.248173,0.897742,-0.363963,-0.0308551,0.382852,0.923294,1.94669e-06,5.76257e-07,0.999926,4.54952,0.2332,2.5849,0.09125,
0.00588271,-0.0168555,0.0901237,0.967482,-0.22033,0.124232,0.251171,0.894851,-0.368993,-0.0298684,0.388197,0.921092,1.94936e-06,5.53188e-07,0.999926,4.55401,0.215315,2.58273,0.0925,
0.00603893,-0.0173199,0.0912736,0.966735,-0.222739,0.125743,0.25415,0.89192,-0.374015,-0.0288444,0.393531,0.918859,1.95188e-06,5.30094e-07,0.999926,4.5583,0.197411,2.58059,0.09375,
0.00619704,-0.0177905,0.0924207,0.965983,-0.225134,0.127247,0.257109,0.888949,-0.379031,-0.0277831,0.398854,0.916594,1.95426e-06,5.06977e-07,0.999926,4.5624,0.179487,2.57848,0.095,
0.00635703,-0.0182674,0.0935649,0.965226,-0.227515,0.128744,0.26005,0.885939,-0.384039,-0.0266846,0.404165,0.914297,1.95651e-06,4.83838e-07,0.999926,4.56631,0.161545,2.57641,0.09625,
0.00651888,-0.0187505,0.0947062,0.964465,-0.229882,0.130234,0.262971,0.88289,-0.38904,-0.0255492,0.409463,0.911969,1.95861e-06,4.6068e-07,0.999926,4.57003,0.143586,2.57437,0.0975,
0.00668259,-0.0192399,0.0958446,0.9637,-0.232234,0.131717,0.265872,0.879802,-0.394032,-0.0243768,0.414748,0.90961,1.96057e-06,4.37503e-07,0.999926,4.57357,0.125612,2.57236,0.09875,
0.00684815,-0.0197355,0.0969801,0.962931,-0.234573,0.133192,0.268752,0.876675,-0.399016,-0.0231676,0.42002,0.907219,1.96239e-06,4.14308e-07,0.999926,4.57691,0.107623,2.57038,0.1,
0.00701555,-0.0202373,0.0981125,0.962157,-0.236898,0.13466,0.271612,0.873509,-0.403991,-0.0219219,0.425278,0.904797,1.96407e-06,3.91098e-07,0.999926,4.58006,0.0896204,2.56844,0.10125,
0.00718478,-0.0207454,0.0992419,0.961379,-0.239209,0.13612,0.274452,0.870305,-0.408956,-0.0206397,0.430521,0.902345,1.9656e-06,3.67873e-07,0.999926,4.58302,0.0716059,2.56653,0.1025,
0.00735582,-0.0212597,0.100368,0.960598,-0.241507,0.137572,0.27727,0.867063,-0.413913,-0.0193211,0.435749,0.899861,1.967e-06,3.44635e-07,0.999926,4.58579,0.0535805,2.56466,0.10375,
0.00752868,-0.0217801,0.101491,0.959813,-0.243791,0.139017,0.280066,0.863782,-0.41886,-0.0179664,0.440961,0.897347,1.96825e-06,3.21385e-07,0.999926,4.58837,0.0355452,2.56282,0.105,
0.00770334,-0.0223067,0.102611,0.959024,-0.246062,0.140454,0.282841,0.860464,-0.423796,-0.0165756,0.446157,0.894801,1.96937e-06,2.98124e-07,0.999926,4.59075,0.0175013,2.56101,0.10625,
0.00787979,-0.0228395,0.103728,0.958231,-0.248319,0.141883,0.285594,0.857107,-0.428723,-0.0151491,0.451336,0.892225,1.97034e-06,2.74855e-07,0.999926,4.59295,-0.000550163,2.55924,0.1075,
0.00805803,-0.0233784,0.104842,0.957435,-0.250564,0.143304,0.288324,0.853714,-0.433638,-0.0136868,0.456498,0.889619,1.97117e-06,2.51578e-07,0.999926,4.59496,-0.0186079,2.5575,0.10875,
0.00823803,-0.0239235,0.105952,0.956636,-0.252795,0.144717,0.291032,0.850283,-0.438543,-0.012189,0.461643,0.886982,1.97186e-06,2.28295e-07,0.999926,4.59677,-0.0366708,2.55579,0.11,
0.00841979,-0.0244747,0.107059,0.955833,-0.255013,0.146122,0.293717,0.846814,-0.443436,-0.0106559,0.466769,0.884315,1.97241e-06,2.05007e-07,0.999926,4.5984,-0.0547377,2.55412,0.11125,
0.00860331,-0.025032,0.108163,0.955027,-0.257218,0.147518,0.296378,0.843309,-0.448318,-0.00908757,0.471877,0.881618,1.97281e-06,1.81716e-07,0.999926,4.59983,-0.0728073,2.55248,0.1125,
0.00878856,-0.0255954,0.109263,0.954219,-0.259411,0.148906,0.299017,0.839768,-0.453188,-0.00748431,0.476965,0.87889,1.97308e-06,1.58422e-07,0.999926,4.60107,-0.0908786,2.55088,0.11375,
0.00897554,-0.0261649,0.11036,0.953407,-0.261591,0.150285,0.301631,0.83619,-0.458045,-0.00584625,0.482034,0.876133,1.9732e-06,1.35129e-07,0.999926,4.60212,-0.10895,2.54931,0.115,
0.00916425,-0.0267404,0.111453,0.952592,-0.263758,0.151656,0.304221,0.832576,-0.46289,-0.00417359,0.487083,0.873346,1.97318e-06,1.11835e-07,0.999926,4.60298,-0.127021,2.54778,0.11625,
0.00935466,-0.027322,0.112543,0.951775,-0.265913,0.153018,0.306787,0.828925,-0.467723,-0.00246654,0.492111,0.870529,1.97303e-06,8.85446e-08,0.999926,4.60365,-0.145091,2.54628,0.1175,
0.00954676,-0.0279097,0.113629,0.950955,-0.268056,0.154371,0.309328,0.82524,-0.472542,-0.000725273,0.497117,0.867683,1.97273e-06,6.52573e-08,0.999926,4.60412,-0.163157,2.54481,0.11875,
0.00974055,-0.0285033,0.114712,0.950133,-0.270186,0.155715,0.311844,0.821519,-0.477347,0.00104999,0.502102,0.864808,1.97229e-06,4.1975e-08,0.999926,4.60441,-0.181219,2.54338,0.12,
0.00993602,-0.0291029,0.115791,0.949308,-0.272305,0.15705,0.314335,0.817762,-0.482139,0.00285905,0.507065,0.861903,1.97171e-06,1.86992e-08,0.999926,4.6045,-0.199275,2.54198,0.12125,
0.0101332,-0.0297085,0.116867,0.94848,-0.274411,0.158377,0.316801,0.813971,-0.486917,0.00470169,0.512006,0.858969,1.97098e-06,-4.56889e-09,0.999926,4.60441,-0.217326,2.54062,0.1225,
0.0103319,-0.0303201,0.117938,0.947651,-0.276506,0.159694,0.31924,0.810145,-0.491681,0.0065777,0.516923,0.856007,1.97012e-06,-2.78278e-08,0.999926,4.60412,-0.235368,2.53929,0.12375,
0.0105324,-0.0309376,0.119006,0.946819,-0.278589,0.161002,0.321654,0.806285,-0.49643,0.00848685,0.521817,0.853016,1.96912e-06,-5.1076e-08,0.999926,4.60364,-0.253401,2.538,0.125,
0.0107324,-0.0315614,0.120071,0.946475,-0.280884,0.159023,0.322503,0.802711,-0.501644,0.0132544,0.526079,0.850333,2.21677e-06,1.00913e-06,0.999961,4.03984,-2.87533,2.6144,0.12625,
0.0109299,-0.0321917,0.121132,0.946126,-0.283169,0.157035,0.323295,0.799111,-0.506855,0.0180376,0.530318,0.847607,2.20802e-06,9.80308e-07,0.999961,4.04531,-2.89525,2.5995,0.1275,
0.0111249,-0.0328285,0.12219,0.945772,-0.285445,0.155038,0.324028,0.795484,-0.512065,0.0228357,0.534533,0.844839,2.1991e-06,9.51504e-07,0.999961,4.05055,-2.9151,2.5846,0.12875,
0.0113175,-0.0334718,0.123244,0.945412,-0.28771,0.153033,0.324703,0.791832,-0.517272,0.0276482,0.538725,0.842028,2.19003e-06,9.22722e-07,0.999961,4.05557,-2.93486,2.5697,0.13,
0.0115075,-0.0341216,0.124295,0.945046,-0.289967,0.151019,0.325319,0.788154,-0.522476,0.0324745,0.542893,0.839174,2.1808e-06,8.93962e-07,0.999961,4.06036,-2.95455,2.5548,0.13125,
0.011695,-0.0347779,0.125342,0.944675,-0.292214,0.148996,0.325878,0.784451,-0.527675,0.0373139,0.547036,0.836277,2.17142e-06,8.65227e-07,0.999961,4.06493,-2.97414,2.53989,0.1325,
0.01188,-0.0354408,0.126385,0.944299,-0.294451,0.146964,0.326377,0.780722,-0.53287,0.0421658,0.551154,0.833337,2.16189e-06,8.36518e-07,0.999961,4.06929,-2.99366,2.52499,0.13375,
0.0120624,-0.0361101,0.127425,0.943916,-0.296679,0.144924,0.326818,0.776969,-0.53806,0.0470297,0.555248,0.830354,2.1522e-06,8.07836e-07,0.999961,4.07342,-3.01308,2.5101,0.135,
0.0122423,-0.0367858,0.128461,0.943529,-0.298899,0.142875,0.3272,0.773192,-0.543244,0.0519047,0.559315,0.827329,2.14235e-06,7.79184e-07,0.999961,4.07733,-3.03242,2.4952,0.13625,
0.0124196,-0.0374681,0.129493,0.943135,-0.301109,0.140818,0.327523,0.769391,-0.548422,0.0567905,0.563357,0.82426,2.13236e-06,7.50563e-07,0.999961,4.08101,-3.05166,2.48031,0.1375,
0.0125943,-0.0381568,0.130522,0.942736,-0.30331,0.138752,0.327786,0.765566,-0.553592,0.0616862,0.567372,0.821148,2.12222e-06,7.21975e-07,0.999961,4.08448,-3.07082,2.46543,0.13875,
0.0127665,-0.038852,0.131546,0.942331,-0.305503,0.136678,0.327991,0.761718,-0.558755,0.0665913,0.571361,0.817992,2.11192e-06,6.93421e-07,0.999961,4.08773,-3.08988,2.45055,0.14,
0.012936,-0.0395537,0.132567,0.94192,-0.307686,0.134595,0.328137,0.757847,-0.56391,0.0715051,0.575324,0.814794,2.10148e-06,6.64904e-07,0.999961,4.09076,-3.10885,2.43568,0.14125,
0.0131029,-0.0402617,0.133583,0.941503,-0.309862,0.132504,0.328223,0.753953,-0.569056,0.076427,0.579259,0.811553,2.0909e-06,6.36424e-07,0.999961,4.09358,-3.12772,2.42081,0.1425,
0.0132672,-0.0409762,0.134595,0.941081,-0.312028,0.130404,0.32825,0.750037,-0.574192,0.0813563,0.583166,0.808269,2.08017e-06,6.07983e-07,0.999961,4.09617,-3.1465,2.40596,0.14375,
0.0134289,-0.0416972,0.135604,0.940652,-0.314187,0.128296,0.328218,0.746099,-0.579318,0.0862925,0.587046,0.804941,2.06929e-06,5.79583e-07,0.999961,4.09855,-3.16517,2.39111,0.145,
0.013588,-0.0424245,0.136608,0.940218,-0.316337,0.12618,0.328126,0.742139,-0.584434,0.0912348,0.590898,0.801571,2.05827e-06,5.51226e-07,0.999961,4.1007,-3.18375,2.37628,0.14625,
0.0137444,-0.0431582,0.137607,0.939777,-0.318479,0.124056,0.327975,0.738158,-0.589538,0.0961826,0.594722,0.798157,2.04711e-06,5.22913e-07,0.999961,4.10265,-3.20223,2.36145,0.1475,
0.0138981,-0.0438983,0.138603,0.939331,-0.320613,0.121923,0.327764,0.734156,-0.59463,0.101135,0.598517,0.794701,2.03581e-06,4.94646e-07,0.999961,4.10438,-3.22061,2.34664,0.14875,
0.0140492,-0.0446447,0.139594,0.938878,-0.322738,0.119783,0.327494,0.730134,-0.59971,0.106092,0.602283,0.791202,2.02437e-06,4.66427e-07,0.999961,4.10589,-3.23889,2.33184,0.15,
0.0141975,-0.0453975,0.140581,0.938419,-0.324856,0.117634,0.327165,0.726091,-0.604777,0.111053,0.60602,0.78766,2.01279e-06,4.38257e-07,0.999961,4.10718,-3.25706,2.31706,0.15125,
0.0143432,-0.0461566,0.141563,0.937954,-0.326967,0.115477,0.326776,0.722029,-0.609829,0.116016,0.609727,0.784075,2.00108e-06,4.10137e-07,0.999961,4.10827,-3.27512,2.30229,0.1525,
0.0144862,-0.046922,0.142541,0.937483,-0.329069,0.113312,0.326327,0.717947,-0.614868,0.120982,0.613405,0.780447,1.98923e-06,3.82069e-07,0.999961,4.10914,-3.29308,2.28753,0.15375,
0.0146265,-0.0476937,0.143514,0.937005,-0.331164,0.111139,0.325819,0.713846,-0.619891,0.125949,0.617052,0.776777,1.97725e-06,3.54056e-07,0.999961,4.10979,-3.31093,2.27279,0.155,
0.0147641,-0.0484716,0.144483,0.936521,-0.333251,0.108959,0.325252,0.709727,-0.624899,0.130917,0.62067,0.773065,1.96513e-06,3.26098e-07,0.999961,4.11024,-3.32868,2.25807,0.15625,
0.0148989,-0.0492558,0.145447,0.936031,-0.335331,0.10677,0.324626,0.705589,-0.62989,0.135886,0.624257,0.76931,1.95289e-06,2.98196e-07,0.999961,4.11047,-3.34631,2.24337,0.1575,
0.015031,-0.0500463,0.146406,0.935534,-0.337404,0.104574,0.32394,0.701434,-0.634865,0.140854,0.627813,0.765513,1.94051e-06,2.70354e-07,0.999961,4.11049,-3.36383,2.22868,0.15875,
0.0151603,-0.0508429,0.14736,0.93503,-0.339469,0.10237,0.323195,0.69726,-0.639822,0.145821,0.631339,0.761674,1.92801e-06,2.42572e-07,0.999961,4.1103,-3.38124,2.21402,0.16,
0.0152869,-0.0516458,0.14831,0.93452,-0.341527,0.100159,0.322391,0.69307,-0.644762,0.150787,0.634833,0.757793,1.91538e-06,2.14851e-07,0.999961,4.10991,-3.39854,2.19937,0.16125,
0.0154107,-0.0524548,0.149255,0.934003,-0.343578,0.0979393,0.321528,0.688863,-0.649683,0.15575,0.638296,0.75387,1.90262e-06,1.87194e-07,0.999961,4.1093,-3.41573,2.18475,0.1625,
0.0155317,-0.0532699,0.150195,0.93348,-0.345622,0.0957125,0.320606,0.68464,-0.654584,0.16071,0.641727,0.749906,1.88974e-06,1.59601e-07,0.999961,4.10848,-3.43279,2.17015,0.16375,
0.01565,-0.0540912,0.15113,0.932949,-0.34766,0.0934781,0.319625,0.680401,-0.659466,0.165667,0.645126,0.7459,1.87674e-06,1.32075e-07,0.999961,4.10746,-3.44975,2.15557,0.165,
0.0157654,-0.0549185,0.152059,0.932412,-0.34969,0.0912364,0.318585,0.676146,-0.664327,0.17062,0.648493,0.741853,1.86362e-06,1.04617e-07,0.999961,4.10623,-3.46658,2.14102,0.16625,
0.0158781,-0.0557519,0.152984,0.931868,-0.351714,0.0889872,0.317486,0.671876,-0.669168,0.175567,0.651828,0.737764,1.85038e-06,7.72279e-08,0.999961,4.10479,-3.4833,2.12648,0.1675,
0.0159879,-0.0565913,0.153904,0.931317,-0.353731,0.0867307,0.316329,0.667591,-0.673987,0.180509,0.655131,0.733635,1.83702e-06,4.99099e-08,0.999961,4.10315,-3.4999,2.11198,0.16875,
0.0160949,-0.0574368,0.154818,0.930759,-0.355742,0.084467,0.315114,0.663292,-0.678783,0.185445,0.658401,0.729465,1.82354e-06,2.26643e-08,0.999961,4.10131,-3.51637,2.0975,0.17,
0.0161991,-0.0582882,0.155727,0.930195,-0.357746,0.082196,0.31384,0.658979,-0.683557,0.190374,0.661638,0.725254,1.80995e-06,-4.50746e-09,0.999961,4.09925,-3.53273,2.08305,0.17125,
0.0163004,-0.0591456,0.156631,0.929622,-0.359743,0.0799179,0.312509,0.654653,-0.688308,0.195296,0.664842,0.721003,1.79625e-06,-3.16038e-08,0.999961,4.097,-3.54896,2.06862,0.1725,
0.0163988,-0.0600089,0.15753,0.929043,-0.361735,0.0776327,0.311119,0.650313,-0.693035,0.200209,0.668013,0.716711,1.78244e-06,-5.86233e-08,0.999961,4.09454,-3.56507,2.05423,0.17375,
0.0164944,-0.0608781,0.158423,0.928457,-0.36372,0.0753405,0.309672,0.645961,-0.697738,0.205114,0.67115,0.71238,1.76851e-06,-8.55646e-08,0.999961,4.09189,-3.58106,2.03986,0.175,
0.0165872,-0.0617532,0.159311,0.927863,-0.365699,0.0730414,0.308167,0.641596,-0.702415,0.210009,0.674254,0.70801,1.75448e-06,-1.12426e-07,0.999961,4.08903,-3.59692,2.02552,0.17625,
0.016677,-0.0626341,0.160193,0.927262,-0.367672,0.0707353,0.306604,0.63722,-0.707068,0.214895,0.677324,0.703599,1.74034e-06,-1.39206e-07,0.999961,4.08597,-3.61266,2.01121,0.1775,
0.016764,-0.0635208,0.161069,0.926653,-0.369639,0.0684224,0.304985,0.632832,-0.711694,0.21977,0.680361,0.69915,1.7261e-06,-1.65904e-07,0.999961,4.08271,-3.62827,1.99694,0.17875,
0.0168481,-0.0644132,0.161941,0.926037,-0.3716,0.0661028,0.303308,0.628433,-0.716293,0.224633,0.683363,0.694662,1.71175e-06,-1.92518e-07,0.999961,4.07925,-3.64375,1.9827,0.18,
0.0169293,-0.0653114,0.162806,0.925413,-0.373555,0.0637765,0.301575,0.624024,-0.720865,0.229485,0.686331,0.690135,1.6973e-06,-2.19046e-07,0.999961,4.0756,-3.6591,1.96848,0.18125,
0.0170075,-0.0662153,0.163666,0.924782,-0.375504,0.0614435,0.299785,0.619605,-0.72541,0.234324,0.689266,0.685569,1.68275e-06,-2.45487e-07,0.999961,4.07175,-3.67432,1.95431,0.1825,
0.0170829,-0.0671249,0.16452,0.924143,-0.377448,0.059104,0.297939,0.615175,-0.729926,0.239149,0.692165,0.680966,1.6681e-06,-2.7184e-07,0.999961,4.0677,-3.68942,1.94016,0.18375,
0.0171553,-0.06804,0.165368,0.923496,-0.379385,0.056758,0.296036,0.610737,-0.734413,0.243962,0.69503,0.676325,1.65336e-06,-2.98104e-07,0.999961,4.06345,-3.70438,1.92606,0.185,
0.0172248,-0.0689608,0.166211,0.922842,-0.381318,0.0544056,0.294078,0.606289,-0.738872,0.248759,0.697861,0.671646,1.63852e-06,-3.24277e-07,0.999961,4.05902,-3.71921,1.91199,0.18625,
0.0172913,-0.0698871,0.167047,0.922179,-0.383245,0.0520469,0.292064,0.601834,-0.7433,0.253542,0.700657,0.666931,1.62359e-06,-3.50357e-07,0.999961,4.05438,-3.73391,1.89795,0.1875,
0.0173549,-0.070819,0.167878,0.921509,-0.385166,0.0496818,0.289995,0.59737,-0.747698,0.258309,0.703418,0.662178,1.60856e-06,-3.76344e-07,0.999961,4.04956,-3.74848,1.88395,0.18875,
0.0174155,-0.0717563,0.168703,0.920831,-0.387082,0.0473106,0.287871,0.592898,-0.752065,0.26306,0.706144,0.657389,1.59345e-06,-4.02235e-07,0.999961,4.04454,-3.76291,1.86999,0.19,
0.0174732,-0.072699,0.169521,0.920145,-0.388992,0.0449333,0.285692,0.58842,-0.756401,0.267795,0.708835,0.652563,1.57825e-06,-4.28031e-07,0.999961,4.03934,-3.77721,1.85607,0.19125,
0.0175278,-0.0736472,0.170334,0.91945,-0.390898,0.0425499,0.283459,0.583934,-0.760705,0.272511,0.711491,0.647702,1.56296e-06,-4.53729e-07,0.999961,4.03394,-3.79137,1.84219,0.1925,
0.0175795,-0.0746007,0.17114,0.918748,-0.392798,0.0401605,0.281171,0.579443,-0.764976,0.27721,0.714112,0.642805,1.54759e-06,-4.79328e-07,0.999961,4.02835,-3.8054,1.82835,0.19375,
0.0176282,-0.0755596,0.171941,0.918037,-0.394693,0.0377652,0.27883,0.574945,-0.769215,0.281891,0.716698,0.637873,1.53213e-06,-5.04826e-07,0.999961,4.02258,-3.81929,1.81454,0.195,
0.0176739,-0.0765237,0.172735,0.917318,-0.396583,0.0353641,0.276435,0.570442,-0.77342,0.286552,0.719248,0.632906,1.5166e-06,-5.30224e-07,0.999961,4.01662,-3.83304,1.80078,0.19625,
0.0177166,-0.077493,0.173523,0.91659,-0.398467,0.0329573,0.273987,0.565935,-0.777592,0.291193,0.721763,0.627905,1.50098e-06,-5.55519e-07,0.999961,4.01047,-3.84666,1.78707,0.1975,
0.0177563,-0.0784676,0.174305,0.915854,-0.400347,0.0305447,0.271486,0.561422,-0.781729,0.295815,0.724243,0.622869,1.48529e-06,-5.8071e-07,0.999961,4.00414,-3.86013,1.77339,0.19875,
0.017793,-0.0794472,0.17508,0.91511,-0.402222,0.0281266,0.268932,0.556906,-0.785832,0.300415,0.726687,0.6178,1.46952e-06,-6.05795e-07,0.999961,3.99762,-3.87347,1.75976,0.2,
0.0178266,-0.080432,0.175849,0.914357,-0.404092,0.025703,0.266326,0.552386,-0.789899,0.304994,0.729095,0.612698,1.45368e-06,-6.30775e-07,0.999961,3.99091,-3.88667,1.74617,0.20125,
0.0178573,-0.0814219,0.176612,0.913596,-0.405957,0.0232739,0.263668,0.547862,-0.793931,0.309551,0.731468,0.607563,1.43776e-06,-6.55647e-07,0.999961,3.98403,-3.89973,1.73263,0.2025,
0.0178848,-0.0824168,0.177368,0.912826,-0.407817,0.0208394,0.260959,0.543336,-0.797926,0.314085,0.733806,0.602395,1.42178e-06,-6.8041e-07,0.999961,3.97696,-3.91264,1.71913,0.20375,
0.0179094,-0.0834166,0.178118,0.912047,-0.409673,0.0183997,0.258199,0.538807,-0.801885,0.318597,0.736108,0.597195,1.40572e-06,-7.05063e-07,0.999961,3.96971,-3.92542,1.70568,0.205,
0.0179308,-0.0844214,0.178861,0.911259,-0.411524,0.0159547,0.255388,0.534277,-0.805807,0.323085,0.738374,0.591963,1.3896e-06,-7.29606e-07,0.999961,3.96229,-3.93805,1.69227,0.20625,
0.0179492,-0.085431,0.179598,0.910463,-0.41337,0.0135047,0.252526,0.529745,-0.809692,0.327549,0.740605,0.5867,1.37342e-06,-7.54036e-07,0.999961,3.95468,-3.95055,1.67892,0.2075,
0.0179646,-0.0864455,0.180328,0.909658,-0.415212,0.0110496,0.249614,0.525212,-0.813539,0.331988,0.7428,0.581406,1.35717e-06,-7.78353e-07,0.999961,3.9469,-3.96289,1.66561,0.20875,
0.0179769,-0.0874648,0.181051,0.908843,-0.417049,0.00858951,0.246653,0.520678,-0.817347,0.336402,0.744959,0.576082,1.34086e-06,-8.02556e-07,0.999961,3.93893,-3.9751,1.65235,0.21,
0.0179861,-0.0884888,0.181768,0.90802,-0.418882,0.00612457,0.243643,0.516145,-0.821117,0.34079,0.747083,0.570727,1.32449e-06,-8.26643e-07,0.999961,3.9308,-3.98716,1.63914,0.21125,
0.0179922,-0.0895175,0.182478,0.907188,-0.42071,0.00365483,0.240584,0.511611,-0.824848,0.345152,0.749171,0.565343,1.30806e-06,-8.50614e-07,0.999961,3.92248,-3.99908,1.62598,0.2125,
0.0179952,-0.0905508,0.183181,0.906346,-0.422534,0.00118037,0.237476,0.507078,-0.828539,0.349487,0.751224,0.55993,1.29157e-06,-8.74467e-07,0.999961,3.914,-4.01086,1.61286,0.21375,
0.0179951,-0.0915887,0.183877,0.905496,-0.424353,-0.00129872,0.23432,0.502546,-0.832191,0.353795,0.753241,0.554488,1.27504e-06,-8.98201e-07,0.999961,3.90534,-4.02249,1.5998,0.215,
0.017992,-0.0926312,0.184567,0.904636,-0.426168,-0.00378236,0.231117,0.498016,-0.835802,0.358076,0.755222,0.549018,1.25845e-06,-9.21816e-07,0.999961,3.89651,-4.03397,1.5868,0.21625,
0.0179857,-0.0936782,0.18525,0.903767,-0.427978,-0.00627047,0.227867,0.493488,-0.839373,0.362328,0.757169,0.54352,1.2418e-06,-9.4531e-07,0.999961,3.8875,-4.04531,1.57384,0.2175,
0.0179763,-0.0947295,0.185926,0.902889,-0.429785,-0.00876296,0.22457,0.488962,-0.842902,0.366551,0.759079,0.537995,1.22511e-06,-9.68683e-07,0.999961,3.87833,-4.0565,1.56094,0.21875,
0.0179638,-0.0957853,0.186595,0.902001,-0.431587,-0.0112598,0.221227,0.484439,-0.846391,0.370746,0.760954,0.532443,1.20838e-06,-9.91932e-07,0.999961,3.86899,-4.06755,1.54809,0.22,
0.0179481,-0.0968454,0.187257,0.901104,-0.433385,-0.0137608,0.217839,0.479919,-0.849838,0.374911,0.762794,0.526865,1.19159e-06,-1.01506e-06,0.999961,3.85948,-4.07845,1.5353,0.22125,
0.0179294,-0.0979098,0.187912,0.900197,-0.435178,-0.0162659,0.214405,0.475403,-0.853242,0.379045,0.764599,0.521261,1.17477e-06,-1.03806e-06,0.999961,3.8498,-4.0892,1.52256,0.2225,
0.0179075,-0.0989784,0.18856,0.899281,-0.436968,-0.0187751,0.210926,0.470891,-0.856605,0.38315,0.766368,0.515631,1.1579e-06,-1.06094e-06,0.999961,3.83996,-4.09981,1.50987,0.22375,
0.0178824,-0.100051,0.189201,0.898356,-0.438753,-0.0212882,0.207402,0.466384,-0.859925,0.387223,0.768103,0.509977,1.14099e-06,-1.08369e-06,0.999961,3.82995,-4.11027,1.49724,0.225,
0.0178543,-0.101128,0.189835,0.89742,-0.440534,-0.0238052,0.203835,0.461881,-0.863201,0.391265,0.769802,0.504298,1.12404e-06,-1.10631e-06,0.999961,3.81978,-4.12058,1.48467,0.22625,
0.0178229,-0.102209,0.190462,0.896475,-0.442311,-0.0263261,0.200225,0.457384,-0.866435,0.395275,0.771466,0.498595,1.10706e-06,-1.1288e-06,0.999961,3.80945,-4.13074,1.47215,0.2275,
0.0177884,-0.103294,0.191081,0.89552,-0.444084,-0.0288506,0.196571,0.452893,-0.869625,0.399253,0.773096,0.492869,1.09004e-06,-1.15117e-06,0.999961,3.79895,-4.14076,1.4597,0.22875,
0.0177508,-0.104383,0.191694,0.894556,-0.445853,-0.0313787,0.192875,0.448408,-0.872771,0.403198,0.77469,0.48712,1.07299e-06,-1.1734e-06,0.999961,3.78829,-4.15063,1.4473,0.23,
0.01771,-0.105476,0.192299,0.893582,-0.447618,-0.0339104,0.189137,0.44393,-0.875873,0.407111,0.77625,0.481349,1.05591e-06,-1.19551e-06,0.999961,3.77748,-4.16035,1.43496,0.23125,
0.017666,-0.106573,0.192897,0.892597,-0.449379,-0.0364456,0.185358,0.439458,-0.878931,0.410989,0.777776,0.475555,1.0388e-06,-1.21748e-06,0.999961,3.7665,-4.16992,1.42267,0.2325,
0.0176189,-0.107673,0.193488,0.891603,-0.451136,-0.0389841,0.181538,0.434994,-0.881943,0.414834,0.779267,0.469741,1.02166e-06,-1.23932e-06,0.999961,3.75537,-4.17934,1.41045,0.23375,
0.0175686,-0.108777,0.194071,0.890599,-0.452889,-0.0415259,0.177677,0.430538,-0.884911,0.418645,0.780723,0.463905,1.0045e-06,-1.26103e-06,0.999961,3.74408,-4.18861,1.39829,0.235,
0.0175151,-0.109885,0.194648,0.889585,-0.454638,-0.0440708,0.173777,0.42609,-0.887834,0.422421,0.782145,0.458049,9.8731e-07,-1.2826e-06,0.999961,3.73264,-4.19773,1.38619,0.23625,
0.0174584,-0.110997,0.195216,0.888561,-0.456383,-0.0466189,0.169837,0.421651,-0.890711,0.426162,0.783534,0.452174,9.70099e-07,-1.30404e-06,0.999961,3.72104,-4.20671,1.37415,0.2375,
0.0173985,-0.112112,0.195778,0.887527,-0.458124,-0.0491701,0.165858,0.417221,-0.893542,0.429868,0.784888,0.446279,9.52867e-07,-1.32534e-06,0.999961,3.70929,-4.21554,1.36217,0.23875,
0.0173355,-0.113231,0.196332,0.886483,-0.459861,-0.0517241,0.161841,0.4128,-0.896328,0.433538,0.786208,0.440365,9.35617e-07,-1.34651e-06,0.999961,3.69739,-4.22421,1.35026,0.24,
0.0172692,-0.114353,0.196879,0.885429,-0.461595,-0.054281,0.157786,0.40839,-0.899067,0.437172,0.787495,0.434433,9.18349e-07,-1.36754e-06,0.999961,3.68533,-4.23274,1.33841,0.24125,
0.0171998,-0.115478,0.197418,0.884364,-0.463324,-0.0568407,0.153694,0.403989,-0.90176,0.44077,0.788748,0.428484,9.01065e-07,-1.38844e-06,0.999961,3.67313,-4.24112,1.32662,0.2425,
0.0171272,-0.116607,0.19795,0.883289,-0.46505,-0.0594031,0.149565,0.399599,-0.904406,0.444331,0.789968,0.422517,8.83767e-07,-1.40919e-06,0.999961,3.66078,-4.24934,1.31489,0.24375,
0.0170513,-0.117739,0.198474,0.882204,-0.466771,-0.0619681,0.1454,0.395221,-0.907006,0.447856,0.791154,0.416534,8.66457e-07,-1.42981e-06,0.999961,3.64827,-4.25742,1.30323,0.245,
0.0169722,-0.118874,0.198991,0.881109,-0.468489,-0.0645356,0.141199,0.390853,-0.909558,0.451342,0.792308,0.410534,8.49136e-07,-1.45028e-06,0.999961,3.63563,-4.26535,1.29164,0.24625,
0.01689,-0.120013,0.199501,0.880003,-0.470203,-0.0671055,0.136963,0.386498,-0.912064,0.454792,0.793428,0.40452,8.31807e-07,-1.47062e-06,0.999961,3.62283,-4.27313,1.28011,0.2475,
0.0168045,-0.121154,0.200003,0.878887,-0.471913,-0.0696778,0.132693,0.382154,-0.914522,0.458203,0.794516,0.39849,8.1447e-07,-1.49082e-06,0.999961,3.6099,-4.28076,1.26864,0.24875,
0.0167158,-0.122299,0.200497,0.877761,-0.47362,-0.0722524,0.128388,0.377824,-0.916933,0.461576,0.795571,0.392446,7.97127e-07,-1.51087e-06,0.999961,3.59682,-4.28825,1.25724,0.25,
